[gd_scene format=3 uid="uid://mi508kn0ffh4"]

[ext_resource type="Script" uid="uid://bd2yu6rhe5vgl" path="res://Main.cs" id="1_0xm2m"]
[ext_resource type="PackedScene" uid="uid://brk1q8d1i4634" path="res://player.tscn" id="1_ig7tw"]
[ext_resource type="PackedScene" uid="uid://cf6bs215oqybu" path="res://mob.tscn" id="2_h2yge"]

[sub_resource type="BoxShape3D" id="BoxShape3D_7dm0k"]
size = Vector3(60, 2, 60)

[sub_resource type="BoxMesh" id="BoxMesh_7dm0k"]
size = Vector3(60, 2, 60)

[sub_resource type="CylinderMesh" id="CylinderMesh_ig7tw"]

[sub_resource type="StandardMaterial3D" id="StandardMaterial3D_ig7tw"]
albedo_color = Color(1, 0.05882353, 1, 1)

[sub_resource type="Curve3D" id="Curve3D_ig7tw"]
closed = true
_data = {
"points": PackedVector3Array(0, 0, 0, 0, 0, 0, 0, 0, 0, 0, 0, 0, 0, 0, 0, -14.099941330466704, 0, -12.7950538158918, 0, 0, 0, 0, 0, 0, 14.08991843525442, 0, -12.7950538158918, 0, 0, 0, 0, 0, 0, 14.014945403962601, 0, 16.969239606957363, 0, 0, 0, 0, 0, 0, -14.099941330466704, 0, 16.89426657566555, 0, 0, 0, 0, 0, 0, -21.297352334480607, 0, 3.0992288179722367),
"tilts": PackedFloat64Array(0, 0, 0, 0, 0, 0)
}
point_count = 6

[node name="Main" type="Node" unique_id=21295323]
script = ExtResource("1_0xm2m")
MobScene = ExtResource("2_h2yge")

[node name="Ground" type="StaticBody3D" parent="." unique_id=1796962420]
transform = Transform3D(1, 0, 0, 0, 1, 0, 0, 0, 1, 0, -1, 0)
collision_layer = 4
collision_mask = 0
metadata/_edit_group_ = true

[node name="CollisionShape3D" type="CollisionShape3D" parent="Ground" unique_id=1965299794]
shape = SubResource("BoxShape3D_7dm0k")

[node name="MeshInstance3D" type="MeshInstance3D" parent="Ground" unique_id=592667485]
mesh = SubResource("BoxMesh_7dm0k")

[node name="DirectionalLight3D" type="DirectionalLight3D" parent="." unique_id=1485567112]
transform = Transform3D(1, 0, 0, 0, -0.4999999999999998, 0.8660254037844387, 0, -0.8660254037844387, -0.4999999999999998, 0, 5, 0)
shadow_enabled = true

[node name="Player" parent="." unique_id=1234525862 instance=ExtResource("1_ig7tw")]
transform = Transform3D(1, 0, 0, 0, 1, 0, 0, 0, 1, 0, 1.412566379668105, 0)
collision_mask = 6

[node name="CameraPivot" type="Marker3D" parent="." unique_id=1541177262]
transform = Transform3D(1, 0, 0, 0, 0.7071067811865476, 0.7071067811865475, 0, -0.7071067811865475, 0.7071067811865476, 0, 0, 1)

[node name="Camera3D" type="Camera3D" parent="CameraPivot" unique_id=1067540040]
transform = Transform3D(1, 0, 0, 0, 1, 0, 0, 0, 1, 0, -0.7071067811865466, 22.36396103067893)
projection = 1
size = 19.0

[node name="CameraBounds" type="Node3D" parent="." unique_id=1945028226]
transform = Transform3D(1, 0, 0, 0, 1, 0, 0, 0, 1, 0, -0.9741363901981668, 0)
visible = false

[node name="TL" type="MeshInstance3D" parent="CameraBounds" unique_id=273837445]
transform = Transform3D(1, 0, 0, 0, 1, 0, 0, 0, 1, -13.36943814134974, 0, -12.252708247327444)
mesh = SubResource("CylinderMesh_ig7tw")
surface_material_override/0 = SubResource("StandardMaterial3D_ig7tw")

[node name="TR" type="MeshInstance3D" parent="CameraBounds" unique_id=1178089633]
transform = Transform3D(1, 0, 0, 0, 1, 0, 0, 0, 1, 13.337715396730914, 0, -12.252708247327444)
mesh = SubResource("CylinderMesh_ig7tw")
surface_material_override/0 = SubResource("StandardMaterial3D_ig7tw")

[node name="BL" type="MeshInstance3D" parent="CameraBounds" unique_id=635668826]
transform = Transform3D(1, 0, 0, 0, 1, 0, 0, 0, 1, -13.36943814134974, 0, 16.317425555131553)
mesh = SubResource("CylinderMesh_ig7tw")
surface_material_override/0 = SubResource("StandardMaterial3D_ig7tw")

[node name="BR" type="MeshInstance3D" parent="CameraBounds" unique_id=566116528]
transform = Transform3D(1, 0, 0, 0, 1, 0, 0, 0, 1, 13.337715396730914, 0, 16.317425555131553)
mesh = SubResource("CylinderMesh_ig7tw")
surface_material_override/0 = SubResource("StandardMaterial3D_ig7tw")

[node name="SpawnPath" type="Path3D" parent="." unique_id=1853967911]
curve = SubResource("Curve3D_ig7tw")

[node name="SpawnLocation" type="PathFollow3D" parent="SpawnPath" unique_id=552272617]
transform = Transform3D(0.6720089921135722, 0, 0.7405429862732481, 0, 1, 0, -0.7405429862732481, 0, 0.6720089921135722, 0, 0, 0)

[node name="MobTimer" type="Timer" parent="." unique_id=961352830]
wait_time = 0.5
autostart = true

[connection signal="timeout" from="MobTimer" to="." method="OnMobTimerTimeout"]
